ricker = [0 0 4.34E-22 1.73E-21 -6.94E-21 2.78E-20 0 -0.00505651 -0.02101134 -0.06883918 -0.17486049 -0.33369079 -0.44493452 -0.31943996 0.1417942 0.72717726 1 0.72717726 0.1417942 -0.31943996 -0.44493452 -0.33369079 -0.17486049 -0.06883918 -0.02101134 -0.00505651 0 0 0 0 -6.94E-21 0 0];

reflCopper6 = [0 0 -0.001418384 -0.001196987 -0.010291884 -0.021942448 -0.011352626 0.009544938 0.016061185 0.000963248 0.011259195 0.000594377 0.0004742 0.004250729 -0.0089969 -0.028993938 -0.014439595 0.027945483 -0.001467691 0.013119024 -0.019540738 -0.036313552 0.016700881 0.022968011 0.023066921 -0.009389485 -0.018968344 0.02064931 -0.009232068 -0.022536268 0.013559279 0.012402476 0.005513159 0.014437751 0.010437068 -0.004722013 -0.018232675 -0.014057015 -0.010386085 0.007668284 0.010421485 0.003794578 -0.02592648 0.006511527 0.014581349 -0.022107504 -0.010922523 0.017673902 0.031634562 -0.002820654 -0.018572832 -0.007041141 -0.002652378 0.009651892 0.0092883 -0.00212767 0.003219286 0.006877458 -0.023759764 -0.006333854 0.027492397 -0.012601128 7.11646E-05 0.023728954 -0.002209917 -0.022875037 -0.001365089 0.011078537 -0.001290245 0.00789024 -0.007933968 -0.019408409 0.022549598 0.019535135 -0.006671731 -0.017877627 -0.002046918 0.007664037 -0.011032457 0.008914782 -0.007930237 -0.023474339 -0.003778236 0.003636037 -0.004807484 0.002322595 0.034256168 0.009600393 -0.02937614 0.009617043 0.025441889 0.004539777 -0.009904403 -0.028298086 -0.000481828 0.000839764 -0.000155515 0.007612383 0.002603174 0.013229884 0.002516462 -0.001296894 0.005701743 -0.009944853 -0.018351795 0.012319393 0.016966956 -0.012315225 -0.034220885 0.01357343 0.014097549 -0.010664333 0.00438966 0.013015572 0.016105162 -0.009743671 -0.029489536 0.012374797 0.017134637 -0.012070393 -0.008180421 -0.003859174 0.009614117 -0.011250271 -0.00884511 0.005396307 -0.058477834 -0.032098256 0.043943901 0.057323918 0.018502412 -0.02049063 -0.010548318 -0.001020547 0.002005974 0.003736919 0.014179696 0.000178138 0.006792446 0.017885849 0.001748063 -0.061492898 -0.045468178 0.019857088 0.02567685 0.037313614 0.017271481 -0.005440666 -0.006346612 0.012565499 -0.004893372 -0.013864765 0.008423289 0.003819784 -0.012749053 -0.003745621 0.011011009 0.008483547 0.013018343 0.012065569 -0.003992076 -0.015770672 -0.018587222 0.008117609 -0.003786982 0.004045002 0.006717125 -0.016720444 0.000468879 0.00711628 0.013832467 0.011053976 -0.009527788 -0.017812144 0.001650331 -0.004676212 0.011537014 0.001168708 -0.004756302 0.004001634 -0.000425453 -0.015772322 0.007811819 0.014306822 0.00135125 -0.000965027 0.011516071 0.00951094 0.015052241 0.005152426 0.002421375 0.011741661 -0.014798852 -0.039458033 -0.021412972 0.01524061 0.045296445 0.015706547 -0.001685128 -0.006368038 -0.045927584 -0.030257419 0.018449258 0.023190759 0.005162392 -0.012122848 0.020213714 0.029925406 0.003696637 0.001667464 -0.023709729 -0.037991792 -0.010323139 -0.002604892 0.027334597 0.018573632 -0.008856937 -0.005746716 0.015249683 -0.021269329 -0.052916247 0.02268837 0.056205079 0.002181988 -0.040196221 -0.047176108 -0.072529621 0.008102668 0.014263581 0.013369778 0.059553705 0.024927638 0.025342317 0.028459674 0.001654233 -0.040097412 -0.012406142 0.025413837 -0.007252488 -0.001383285 -0.006102697 0.022691205 0.023477055 0.001099507 -0.019327048 -0.004521029 0.024495604 -0.009162275 0.005920985 -0.017056188 -0.015815437 0.038227882 0.004156756 -0.010906711 -0.01922657 0.005736421 -0.037717834 -0.033698551 0.014464467 -0.030381756 -0.006113482 0.060208634 0.045299191 0.001698193 -0.052440111 -0.051451564 0.018102508 0.042079009 0.012063571 0.010821328 0.007966498 -0.006490325 -0.014145989 -0.001211285 0.011625452 -0.015036347 0.008999024 0.01363574 -0.005271036 0.003719578 -0.026900729 -0.00708269 0.041710444 0.017075194 -0.000943001 0.005698376 -0.001780937 -0.044536557 -0.042786837 -0.00754973 0.00258574 -0.005621645 0.019253513 0.055528216 0.022636952 -0.003511129 -0.027168222 -0.016054643 0.016810872 0.011248164 0.003853687 -0.010862562 0.001060942 0.010414464 -0.010368048 0.010153921 0.005649554 -0.021188637 -0.021145009 -0.016007544 -0.012819112 0.003141111 0.016908085 -8.97721E-06 0.027883464 0.009678121 -0.012471361 0.022423035 0.018041285 0.002946329 0.00288877 -0.003062258 -0.026987897 -0.013030733 0.009233047 0.004597508 0.00952095 0.009429239 -0.005665089 -0.029900916 -0.012146076 -0.000880349 -0.0131459 0.033401657 0.027242519 -0.000751794 0.010088212 -0.023432653 -0.054785095 0.027605498 0.036654331 -0.023164382 -0.012701537 0.003965639 0.008206181 0.010337438 0.012723546 -0.00599552 0.002142722 0.013098107 -0.007035913 -0.00338706 -0.021687357 -0.046092816 0.002636034 0.07054913 0.005436671 -0.050016593 0.030452564 0.027144685 -0.012196473 0.006261721 0.008494601 -0.015172302 -0.014233398 0.022896238 0.00875124 -0.013572079 -0.017100981 0.013542863 0.023450267 -0.013777761 -0.078607947 0.011206213 0.003272202 -0.033742961 0.074349716 -0.003346729 -0.066027433 0.020822238 0.021840665 0.029750962 0.015418234 -0.010439126 -0.010609223 -0.004264744 0.023229351 0.008769646 -0.013411287 0.005329672 0.009950185 -0.03655526 0.004619345 0.042282917 -0.007134518 -0.007936858 0.000623535 0.007165695 -0.014290237 -0.008483477 0.000165276 -0.011785688 0.009304227 0.001731282 -0.005000229 0.000816736 -0.001740401 0.001432516 0.002315263 -0.000928883 -0.003090771 -0.001533987 -0.000322997 0.001266582 0.00184781 -0.006343314 0.000455911 0.004382356 -0.006629394 0.005268799 0.01973846 -0.019243572 -0.031047147 0.034228038 0.01038646 -0.007531889 -0.002949659 -7.99162E-05 0.001154939 0.005613039 -0.002955276 -0.030219553 -0.017433394 0.008934552 0.005278737 -0.010088494 -0.012042616 0.000295341 0.000983015 -0.00123773 0.0056622 -0.000144864 0.0029084 0.010899852 0.000200687 -0.003726728 0.014850319 0.017731678 -0.006329984 -0.001974218 -0.001454686 -0.029645681 -0.008132085 0.002117546 0.028385378 0.022886476];

